2 0.351946 -48028.10000000001 58650.00000000001 10621.899999999994
3 0.7148909999999999 -47878.10000000001 58650.000000000015 10771.900000000001
4 1.0778349999999999 -47728.10000000001 58650.00000000002 10921.900000000009
5 1.457777 -64932.80000000001 58639.90000000003 -6292.89999999998
6 1.815723 -47509.20000000001 58639.900000000016 11130.700000000004
7 2.193666 -56290.400000000016 58639.90000000002 2349.5000000000073
8 2.587606 -47217.60000000001 58639.90000000002 11422.30000000001
9 2.9865449999999996 -49210.80000000002 58639.90000000002 9429.100000000006
10 3.400482 -46887.20000000001 58639.90000000001 11752.699999999997
11 3.8564130000000003 -59004.466666666674 58639.899999999994 -364.56666666668025
12 4.288347 -50602.07058823531 58639.90000000002 8037.8294117647165
13 4.722281 -51279.24 58639.9 7360.6600000000035
14 5.195209999999999 -48417.436363636385 58639.90000000001 10222.463636363624
15 5.655139 -56639.645000000004 58639.90000000002 2000.2550000000192
16 6.1270679999999995 -62753.13475177306 58639.899999999994 -4113.234751773067
17 6.586998 -87419.73070175445 58639.90000000004 -28779.830701754414
18 7.022931 -93749.20000000001 58639.900000000016 -35109.299999999996
19 7.475863 -80224.72244897959 58639.899999999994 -21584.822448979598
20 7.947791 -102112.64117647058 58639.900000000016 -43472.74117647057
21 8.408721 -117540.75945945943 58639.900000000016 -58900.85945945941
22 8.837655999999999 -120365.25684210526 58639.90000000003 -61725.356842105226
23 9.365575 -177154.75 58639.90000000004 -118514.84999999996
24 9.878497 -186677.08695652167 58639.900000000016 -128037.18695652165
25 10.405417 -251799.82222222214 58639.899999999994 -193159.92222222214
26 10.942336000000001 -229920.1 58639.90000000006 -171280.19999999995
27 11.419263 -73291.57857142857 56568.77142857144 -16722.807142857135
28 11.892191 -84296.52142857145 56568.77142857145 -27727.75
29 12.379117 -98780.20714285712 56568.771428571425 -42211.4357142857
30 12.856045 -108349.33571428568 56568.77142857142 -51780.56428571427
31 13.336972 -92643.92142857143 56568.77142857145 -36075.14999999998
32 13.813899 -62228.744339622615 56240.016981132096 -5988.72735849052
33 14.290826 -72417.5818181818 55925.37272727278 -16492.209090909026
34 14.754756 -68329.55454545446 55925.37272727276 -12404.1818181817
35 15.227684 -71541.7999999999 55925.372727272734 -15616.427272727167
36 15.900582 -26889.18004438104 52246.03296877479 25356.85292439375
37 16.889431000000002 -78341.80138696264 46114.37024965323 -32227.431137309417
38 18.051255 -83793.36000000012 43935.632286617525 -39857.72771338259
39 19.344058 -109633.63568710366 42178.36723044398 -67455.26845665967
40 19.964964000000002 -17174.99829022485 32511.3333149691 15336.33502474425
41 20.565872 -15703.293243243248 31709.571498771496 16006.278255528248
42 21.258767 -18253.036293223187 29141.620020172424 10888.583726949237
43 21.89467 -14423.401229730596 29006.168461028396 14582.7672312978
44 22.504578000000002 -12553.739620403325 28822.735943060503 16268.996322657178
45 23.071492 -7875.38081634668 27519.181704387338 19643.800888040656
46 23.643405 -6272.840251443118 26655.58003783061 20382.73978638749
47 24.19932 -6461.358855854359 26153.21904282203 19691.86018696767
48 24.835223 -5842.854702466203 25875.80634833828 20032.951645872075
49 25.390138999999998 -6579.044993187125 25689.111080546056 19110.06608735893
50 25.943055 -6448.760559727441 25247.207387632472 18798.44682790503
51 26.514968 -6645.130331162623 25094.54181160614 18449.411480443516
52 27.065883999999997 -6447.905895694879 24826.335753633808 18378.42985793893
53 27.609802000000002 -5042.36678451533 24506.907027473524 19464.540242958195
54 28.167717000000003 -6544.593597131527 24258.659615211876 17714.06601808035
55 28.698636 -3936.360852036277 24053.369332889837 20117.00848085356
56 29.230556 -3555.2728085496665 23776.85620773038 20221.583399180712
57 29.768474 -4300.976253601083 23557.158351381648 19256.182097780566
58 30.307391 -3241.4900534962635 23329.05185466236 20087.5618011661
59 30.84131 -2045.3024634982494 23223.618815416154 21178.316351917903
60 31.376229 -2025.4975313394511 23176.03320957609 21150.53567823664
61 31.916147 -3166.237390841563 23022.70141993418 19856.464029092618
62 32.452065 -1789.5785654205688 22930.908932896305 21141.330367475737
63 32.990984 -1563.8941953970934 22754.844091895873 21190.94989649878
64 33.530902 -1157.1420032977649 22719.137687362374 21561.99568406461
65 34.070819 -1002.4885352346805 22646.1219948396 21643.63345960492
66 34.609738 -774.1186835200228 22560.480664086528 21786.361980566504
67 35.145656 -1118.8844264278237 22503.944939784258 21385.060513356435
68 35.685574 -790.7955138764 22485.55901693568 21694.76350305928
69 36.223492 -780.1721340582435 22460.379541423936 21680.20740736569
70 36.76341 -606.6048804013608 22417.730295283287 21811.125414881928
71 37.296329 -516.6667032858722 22370.306192036925 21853.639488751054
72 37.822249 -389.6683913886709 22345.604096683597 21955.935705294927
73 38.361167 -441.05203760620043 22330.279676261474 21889.227638655273
74 38.894086 -530.8911222808106 22292.039416534415 21761.148294253606
75 39.430004 -340.71287030565964 22271.53553220115 21930.82266189549
76 39.976922 -347.04736972619503 22237.27859943596 21890.231229709763
77 40.51484 -189.30669453391374 22211.815033309264 22022.50833877535
78 41.064757 -218.63719245177253 22197.762841423097 21979.125648971323
79 41.607674 -224.62395218092388 22184.321380960573 21959.697428779647
80 42.153591 -278.50229732217576 22167.988176204868 21889.485878882693
81 42.707506 -220.16435067770453 22138.187120061477 21918.022769383773
82 43.25542299999999 -191.9178269734416 22130.050053728868 21938.132226755428
83 43.808339000000004 -158.13833201194439 22121.62430286785 21963.485970855905
84 44.367254 -160.3075232607598 22113.116073208093 21952.808549947335
85 44.925169 -150.63952361612974 22098.67984753391 21948.04032391778
86 45.503080999999995 -137.88964405188608 22095.032952938778 21957.14330888689
87 46.057997 -111.21358626044275 22084.223151049053 21973.009564788612
88 46.619912 -89.14891626069357 22081.923709597086 21992.774793336393
89 47.186825 -76.64198927610096 22079.90464017808 22003.26265090198
90 47.74774 -40.39433944828443 22076.27825790971 22035.883918461426
91 48.316654 -48.28961187973391 22072.995682826768 22024.706070947035
92 48.888566999999995 -44.83823577991461 22071.35725838474 22026.51902260483
93 49.457480000000004 -49.69174842364964 22069.658578173796 22019.966829750145
94 50.031392999999994 -33.82821699949545 22067.752780335275 22033.92456333578
95 50.607305 -39.91715100459032 22066.60952994404 22026.69237893945
96 51.184218 -38.93646150384893 22064.624102464277 22025.687640960427
97 51.758131 -15.033731557254214 22063.980743518572 22048.947011961318
98 52.340042 -16.237567690077412 22063.14800062198 22046.9104329319
99 52.913955 -9.29174000182502 22062.00362682429 22052.711886822464
100 53.492867000000004 -10.812412836251042 22061.323004167585 22050.510591331335
101 54.108773 -8.725705084163565 22060.71118607679 22051.985480992626
102 54.696683 -7.477137276930534 22059.794963279383 22052.31782600245
103 55.278596 -5.993047587710407 22059.556672763007 22053.563625175295
104 55.870504999999994 -5.490953260272818 22059.363205084133 22053.87225182386
105 56.49541 -4.548858444967664 22059.27234049992 22054.723482054953
106 57.081322 -2.0213625608598704 22059.02132217784 22056.99995961698
107 57.67723 -2.174701825381362 22058.742072640845 22056.567370815465
108 58.27114 -1.9023802391047866 22058.64686308091 22056.744482841805
109 58.913043 -1.1887955154024894 22058.46919210943 22057.28039659403
110 59.510952 -1.13013767997154 22058.41523038497 22057.285092705
111 60.11386 -0.6893125156193491 22058.37108847569 22057.68177596007
112 60.726766999999995 -1.3740366238762363 22058.35006708358 22056.9760304597
113 61.330675 -0.977783527732754 22058.277564467433 22057.2997809397
114 61.931584 -0.9493320239989771 22058.247910895363 22057.298578871363
115 62.539491 -0.6856194941456124 22058.2074208957 22057.52180140155
116 63.148399 -0.5129378978563182 22058.207420895706 22057.69448299785
117 63.758307 -0.37683513674346614 22058.1732602248 22057.796425088058
118 64.363214 -0.31931446963426424 22058.153909973094 22057.83459550346
119 65.041111 -0.38629425920817084 22058.14164343625 22057.75534917704
120 65.663017 -0.21770731945025545 22058.126042680553 22057.908335361102
121 66.335914 -0.2360751005126076 22058.120522728757 22057.884447628247
122 66.969818 -0.15870711582283548 22058.110878638174 22057.952171522353
123 67.624718 -0.09632154888549849 22058.108296266844 22058.01197471796
124 68.268621 -0.13569810446733754 22058.101583007214 22057.965884902747
125 68.947518 -8.640199666842818e-12 22058.099999999995 22058.099999999988
