2 0.06298899999999999 -10183.900000000001 12549.500000000002 2365.6000000000004
3 0.130979 -10033.900000000001 12549.500000000002 2515.6000000000004
4 0.200969 -9883.900000000001 12549.500000000002 2665.6000000000004
5 0.276957 -11133.900000000001 12549.500000000002 1415.6000000000004
6 0.350946 -9665.000000000002 12549.500000000002 2884.5
7 0.424934 -11811.400000000001 12549.5 738.0999999999985
8 0.49592400000000003 -11691.900000000001 12549.5 857.5999999999985
9 0.570913 -9223.300000000001 12163.033333333333 2939.7333333333318
10 0.643901 -9073.300000000001 11790.100000000002 2716.800000000001
11 0.728888 -9166.200000000003 11720.100000000002 2553.8999999999996
12 0.8098759999999999 -8798.400000000001 11720.1 2921.699999999999
13 0.888863 -8467.800000000001 11590.100000000002 3122.300000000001
14 0.964852 -8192.300000000001 11590.1 3397.7999999999993
15 1.04884 -8070.000000000001 11590.1 3520.0999999999995
16 1.135827 -7770.600000000003 11590.100000000002 3819.499999999999
17 1.24881 -5280.914285714287 10559.085714285713 5278.171428571426
18 1.3777899999999998 -7015.315384615387 8693.030769230769 1677.7153846153815
19 1.4777749999999998 -1785.1000000000022 6931.100000000001 5145.999999999999
20 1.572759 -972.9290322580632 6763.519354838709 5790.590322580645
21 1.667746 -1310.3479999999986 6511.213999999998 5200.866
22 1.7647300000000001 -1769.6249999999973 6231.4625 4461.837500000002
23 1.864715 -881.9000000000007 6182.1 5300.2
24 1.9706990000000002 -1516.1000000000017 6178.199999999999 4662.099999999997
25 2.074684 -874.8000000000035 5971.4625 5096.662499999996
26 2.1866659999999998 -926.2999999999984 5962 5035.700000000002
27 2.285651 -706.7999999999994 5824.4 5117.6
28 2.378638 -355.4249999999997 5721.699999999999 5366.275
29 2.477623 -475 5663.375 5188.375
30 2.573608 -623.2749999999992 5631.400000000001 5008.125000000002
31 2.671593 -317.8181818181816 5583.631818181818 5265.813636363636
32 2.7675780000000003 -93.60000000000036 5525.25 5431.65
33 2.862564 -84.5333333333333 5525.25 5440.716666666667
34 2.961549 -100.2000000000005 5518.3 5418.099999999999
35 3.061533 -96.15000000000043 5511.866666666667 5415.716666666666
36 3.160519 -60.17500000000007 5504.308333333335 5444.133333333335
37 3.258503 -9.34000000000026 5497.580000000003 5488.2400000000025
38 3.361488 -0.3400000000003729 5497.579999999999 5497.239999999999
39 3.468471 -0.49999999999943157 5497.466666666666 5496.966666666667
40 3.570457 -0.20000000000038654 5497.466666666667 5497.266666666666
41 3.6814400000000003 -0.2799999999999727 5497.4400000000005 5497.160000000001
42 3.789423 -0.1777777777775782 5497.4222222222215 5497.244444444444
43 3.889407 -4.547473508864641e-13 5497.400000000001 5497.4
