2 0.043993 -6164 7134 970
3 0.088986 -6014 7134 1120
4 0.134978 -5864 7134 1270
5 0.183971 -5770.4 6989 1218.6000000000004
6 0.229964 -5730.2 6989 1258.8000000000002
7 0.277957 -5493.4 6904 1410.6000000000004
8 0.32594999999999996 -5363.699999999999 6903.999999999999 1540.3000000000002
9 0.373942 -5183.5 6904 1720.5
10 0.42193499999999995 -5033.4 6904 1870.6000000000004
11 0.470927 -4916.599999999999 6904 1987.4000000000005
12 0.5209189999999999 -4598.099999999999 6903.999999999999 2305.8999999999996
13 0.568913 -4448.099999999999 6903.999999999999 2455.8999999999996
14 0.635902 -2681.583333333334 6200.916666666666 3519.333333333332
15 0.707891 -3119.2000000000007 4477.1 1357.8999999999996
16 0.766883 -519.9666666666662 4341.916666666666 3821.95
17 0.823874 -1060.7777777777767 4166.855555555554 3106.0777777777776
18 0.8818649999999999 -1235.255555555555 4012.0111111111114 2776.7555555555564
19 0.942855 -580.5 3904.4000000000005 3323.9000000000005
20 1.004846 -829 3677.4 2848.4
21 1.058838 -220.3499999999999 3667.4500000000007 3447.100000000001
22 1.11483 -430.6000000000003 3641.8857142857146 3211.285714285714
23 1.169821 -190.09999999999962 3525.8666666666663 3335.766666666667
24 1.225812 -171.1999999999997 3500.966666666667 3329.7666666666673
25 1.281804 -108.01250000000016 3485.0125 3376.9999999999995
26 1.3377949999999998 -93.2374999999999 3485.0125000000003 3391.7750000000005
27 1.3937869999999999 -26.24545454545455 3476.5363636363636 3450.290909090909
28 1.450778 -9.999999999999773 3457.4999999999986 3447.499999999999
29 1.50677 -30.000000000000114 3457.499999999999 3427.499999999999
30 1.561761 -2.8421709430404007e-13 3457.5 3457.4999999999995
