2 0.307952 -30408.5 31273 864.5
3 0.629903 -29714.199999999997 31273 1558.800000000003
4 1.006846 -20947.600000000002 31273 10325.399999999998
5 1.337796 -14790.7 31272.999999999996 16482.299999999996
6 1.721737 -39348.149999999994 31273 -8075.149999999994
7 2.086682 -28971.950000000004 31273.000000000004 2301.0499999999993
8 2.468623 -38212.32727272728 31273 -6939.327272727278
9 2.884561 -36606.32352941176 31272.999999999996 -5333.323529411766
10 3.2285079999999997 -41997.65789473684 31273 -10724.65789473684
11 3.5664569999999998 -28330.75 31273 2942.25
12 3.921403 -15853.959523809523 31272.999999999996 15419.040476190474
13 4.27135 -13133.800000000001 31273 18139.199999999997
14 4.620297000000001 -34755.76666666666 31273 -3482.766666666663
15 4.978242 -28287.582758620687 31272.999999999996 2985.4172413793094
16 5.326188999999999 -34157.85346756151 31272.999999999996 -2884.853467561512
17 5.701131999999999 -21365.40715746421 31272.999999999996 9907.592842535785
18 6.091073 -40555.99125000001 31273.000000000004 -9282.991250000003
19 6.449019 -27012.919837114605 31272.999999999996 4260.0801628853915
20 6.856956 -32841.862264150936 31272.999999999993 -1568.8622641509428
21 7.227901 -42204.81334527963 31273 -10931.813345279632
22 7.611842 -50646.55704008222 31273 -19373.557040082218
23 7.976787 -44949.46138915316 31273 -13676.461389153163
24 8.361728 -79323.94534922206 31272.999999999996 -48050.945349222064
25 8.823658 -51544.52551566079 31272.99999999999 -20271.5255156608
26 9.254591999999999 -13793.324122471498 25268.55103850959 11475.226916038093
27 9.717521999999999 -18220.609080935195 23730.650268830024 5510.041187894829
28 10.258439 -26631.906747622124 22235.99187674004 -4395.914870882083
29 10.824354 -22020.450865279283 20182.968763649646 -1837.4821016296373
30 11.203296 -7482.148341398574 18946.126196036377 11463.977854637804
31 11.599235 -5358.518383967596 18472.094468443185 13113.57608447559
32 11.983177999999999 -6024.677179706787 18326.249307688842 12301.572127982055
33 12.344123 -2806.6429224694566 18153.773311012148 15347.130388542691
34 12.727064 -2849.9861603470968 18025.27411964959 15175.287959302495
35 13.136002000000001 -2071.9308759504834 17880.566782754657 15808.635906804173
36 13.504946 -2735.6156889411227 17716.543075335154 14980.92738639403
37 13.894886 -1945.551460115762 17574.49454396756 15628.943083851798
38 14.279828 -1852.1122900220275 17354.19916498527 15502.086874963245
39 14.663769 -1115.5498039750737 17254.135886730124 16138.58608275505
40 14.997719 -1435.967523693132 17212.362432235004 15776.394908541872
41 15.303673 -633.5895715176302 17166.307321718465 16532.717750200834
42 15.667617 -872.4303304398554 17089.15599689655 16216.725666456692
43 16.04356 -995.071341942994 17016.19306532017 16021.121723377177
44 16.424502 -888.6203210978229 16969.170097360686 16080.549776262862
45 16.807444 -548.414310165921 16852.8605361191 16304.44622595318
46 17.177388 -543.1575326159054 16824.480663099013 16281.323130483108
47 17.56033 -603.6256540693298 16793.191369103217 16189.565715033887
48 17.944271 -609.6213759503721 16726.765246928793 16117.143870978422
49 18.321213 -407.86635021157144 16711.98979394872 16304.12344373715
50 18.696157 -384.2433380584116 16675.843029322423 16291.599691264011
51 19.070099 -248.1295031247255 16669.474849243867 16421.345346119142
52 19.436044000000003 -286.86500743965416 16660.38217097015 16373.517163530498
53 19.804989 -229.6590354469281 16639.373273447814 16409.714238000888
54 20.168933 -210.88630206192272 16626.059755363844 16415.173453301923
55 20.543876 -211.30872509895198 16595.410628946625 16384.101903847673
56 20.91182 -205.29674398089583 16581.582477934237 16376.28573395334
57 21.280764 -124.25401700800649 16571.40915353056 16447.155136522553
58 21.651707000000002 -83.27213129457641 16568.07136866229 16484.799237367715
59 22.03265 -74.31996237999738 16558.52925084639 16484.209288466394
60 22.402593 -43.85242499919059 16553.708363881487 16509.855938882298
61 22.765538 -43.79111394503116 16550.289251038805 16506.498137093775
62 23.14548 -42.37847565539687 16542.66064044708 16500.282164791683
63 23.513424 -60.90655302114965 16539.977474633204 16479.070921612056
64 23.886367999999997 -48.65699226475772 16537.539617742957 16488.8826254782
65 24.247313 -33.39901804899864 16532.573232574025 16499.174214525025
66 24.605258999999997 -18.28072340266317 16531.129694291354 16512.848970888692
67 24.974202 -21.618042557882745 16528.56879066921 16506.95074811133
68 25.356145 -15.359253312629107 16526.548695355174 16511.189442042545
69 25.727088000000002 -11.313419468552183 16524.41027162388 16513.09685215533
70 26.104031 -3.120110587243289 16524.192220039233 16521.07210945199
71 26.479974 -2.079465079174952 16523.908077681892 16521.828612602716
72 26.868915 -1.370896557751621 16523.834829234904 16522.46393267715
73 27.241858 -1.6498240502091903 16523.674228398515 16522.024404348307
74 27.635798 -1.594573895119538 16523.52368457673 16521.92911068161
75 27.987745000000004 -1.1781319941428592 16523.501095058164 16522.32296306402
76 28.373686 -0.6652777677645645 16523.43577857336 16522.770500805593
77 28.748628999999998 -0.6096721974613502 16523.40481586402 16522.79514366656
78 29.127570999999996 -0.452765649336925 16523.38291023981 16522.93014459047
79 29.525511 -0.832649206748556 16523.345686911925 16522.513037705176
80 29.930449000000003 -0.5260507456960113 16523.281803215184 16522.75575246949
81 30.292393 -0.41415455240985466 16523.257612853864 16522.843458301453
82 30.683335 -0.45210488055363385 16523.2506136751 16522.798508794545
83 31.076275 -0.42877179680499466 16523.21721000758 16522.788438210777
84 31.463214999999998 -0.3522297297313344 16523.215633445943 16522.863403716212
85 31.908147999999997 -0.1910766246419371 16523.20785645005 16523.01677982541
86 32.312086 -0.17843942505260202 16523.205338809028 16523.026899383975
87 32.716026 -0.10850159404435544 16523.203666312427 16523.095164718383
88 33.113965 -0.14736451373710224 16523.201410541944 16523.054046028206
89 33.550898 -5.4569682106375694e-12 16523.200000000004 16523.199999999997
