2 0.175973 -18437.3 19301.800000000003 864.5000000000036
3 0.346946 -17743 19301.8 1558.7999999999993
4 0.532918 -15737.6 19301.8 3564.199999999999
5 0.704892 -13607.199999999999 19301.8 5694.6
6 0.8758649999999999 -16723.100000000002 19301.8 2578.699999999997
7 1.062837 -18739.966666666667 19301.799999999996 561.8333333333285
8 1.24081 -15157.460000000003 19301.800000000003 4144.34
9 1.4257819999999999 -17769.20294117647 19301.800000000003 1532.5970588235323
10 1.604755 -16403.99166666667 19301.800000000003 2897.8083333333343
11 1.788727 -15480.875000000002 19301.8 3820.9249999999975
12 1.955702 -15291.932456140352 19301.8 4009.8675438596474
13 2.118677 -15270.747727272728 19301.800000000003 4031.0522727272746
14 2.307648 -18892.703225806443 19301.799999999996 409.09677419355285
15 2.463625 -18128.563636363633 19301.8 1173.2363636363661
16 2.6435969999999998 -18019.983333333337 19301.8 1281.816666666662
17 2.8255689999999998 -23138.01785714285 19301.799999999996 -3836.217857142856
18 2.991544 -23199 19301.799999999996 -3897.2000000000044
19 3.156519 -21984.68 19301.799999999996 -2682.8800000000047
20 3.319494 -42741.90806451613 19301.8 -23440.10806451613
21 3.5204639999999996 -26954.42727272727 19301.799999999996 -7652.6272727272735
22 3.699436 -29769.326829268288 19301.799999999996 -10467.526829268292
23 3.87441 -26627.670629370634 19301.8 -7325.870629370635
24 4.045384 -42300.80000000001 19301.800000000003 -22999.000000000007
25 4.286348 -8021.074766355136 15729.644859813081 7708.570093457945
26 4.539308 -16368.715530303029 13202.524621212118 -3166.1909090909103
27 4.8182670000000005 -20069.520939086273 11040.51611675127 -9029.004822335002
28 5.015237 -1629.0333333333253 10418.666666666668 8789.633333333342
29 5.225204 -1635.0689788053942 10408.133461785485 8773.064482980091
30 5.433173 -1241.7776470588256 10079.756862745102 8837.979215686277
31 5.640142 -720.3435820895496 9884.623432835819 9164.279850746268
32 5.834111999999999 -637.4981818181825 9781.941099365748 9144.442917547565
33 6.032082 -399.4432448452528 9717.359761209196 9317.916516363943
34 6.224053 -588.2603781256357 9533.6075015247 8945.347123399064
35 6.423023000000001 -533.4443283257137 9438.082625734813 8904.6382974091
36 6.627991 -265.3497805392476 9414.261796728038 9148.912016188791
37 6.83796 -387.0963842975287 9396.368440082646 9009.272055785117
38 7.0329299999999995 -252.2785135791487 9343.102559626164 9090.824046047015
39 7.2309 -208.4181818181837 9319.427272727275 9111.00909090909
40 7.4248709999999996 -243.95878661087715 9290.053556485356 9046.094769874479
41 7.632839 -284.64454064154677 9255.347268763624 8970.702728122078
42 7.835807 -141.29307636097678 9229.19954329558 9087.906466934603
43 8.039776999999999 -201.03320110103675 9220.62941224093 9019.596211139895
44 8.238745999999999 -99.70731707316656 9214.646341463416 9114.939024390249
45 8.449714 -152.2955559793969 9205.89633797444 9053.600781995043
46 8.647684 -147.2098191214552 9186.982945736434 9039.773126614979
47 8.849654 -109.86547845647306 9162.211195708602 9052.345717252128
48 9.052623 -70.14310816354305 9155.355503897175 9085.212395733632
49 9.241594 -52.513897280967626 9145.524169184286 9093.010271903318
50 9.444562999999999 -41.23155555555638 9140.37582222222 9099.144266666664
51 9.651532 -33.341871069183185 9129.93887578616 9096.597004716976
52 9.855501 -43.36537342386384 9126.866731328808 9083.501357904945
53 10.048471 -37.21500000000378 9122.965000000004 9085.75
54 10.235443 -36.09577922077858 9118.243181818181 9082.147402597402
55 10.434413 -10.831467710371044 9114.731428571427 9103.899960861056
56 10.641380999999999 -9.028322981369115 9113.660248447202 9104.631925465834
57 10.836352000000002 -4.733333333338351 9112.849999999999 9108.11666666666
58 11.030322 -1.2333333333350538 9112.85 9111.616666666665
59 11.228292 -2.099999999999909 9112.825 9110.725
60 11.428262 -0.4246180963577899 9112.767391304349 9112.34277320799
61 11.622232 -0.3921348314595434 9112.685393258425 9112.293258426966
62 11.824201 -0.5250000000014552 9112.65 9112.124999999998
63 12.03017 -0.35454545453148967 9112.593939393933 9112.239393939402
64 12.240138 -0.4065340909077122 9112.593465909093 9112.186931818185
65 12.446106 -0.177540106952506 9112.564705882352 9112.3871657754
66 12.652075 -0.24638297872422754 9112.544680851064 9112.29829787234
67 12.866043 -0.2532203389805545 9112.52813559322 9112.27491525424
68 13.08501 -0.16666666666503716 9112.503921568628 9112.337254901964
69 13.312975 -0.0500000000001819 9112.5 9112.45
70 13.538941 -1.7053025658242404e-12 9112.500000000002 9112.5
