0
-375.7
-40.900000000000006
-111
-378.59999999999997
-593.6999999999999
-583.1999999999999
-325
-308.19999999999993
-222.39999999999995
-610.5
-600
-341.79999999999995
-325
-239.19999999999996
-671.5
-661
-402.79999999999995
-385.99999999999994
-302.19999999999993
-470.9
-446.7
-116.99999999999997
-53
-3.2999999999999545
-585.2000000000015
-563.7000000000015
-108.75000000000077
-70.2000000000006
-25.500000000000227
-402.5000000000001
-384.10000000000014
-12.400000000000063
-8.300000000000018
0
-406.4000000000001
-391.40000000000015
-13.199999999999989
-9.399999999999963
0
-404.4000000000002
-386.00000000000017
-13.900000000000091
-4.2000000000000455
0
-115.84285714285701
-87.91428571428573
-17.299999999999898
-4.899999999999949
0
-348.4
-323.7
-5.59999999999998
0
0
-316.8999999999999
-303.29999999999984
-4.7000000000000455
-4.600000000000023
0
-87.86666666666666
-77.49999999999999
-4.599999999999994
0
0
-122.00000000000004
-112.00000000000003
-12.780000000000015
0
0
-59.800000000000054
-59.3
-1.4210854715202004e-14
0
0
-26.866666666666667
-26.38333333333329
-0.8000000000000256
0
0
-20.20000000000001
-22.249999999999964
-7.105427357601002e-15
0
0
-18.699999999999974
-18.699999999999974
-1.4210854715202004e-14
0
0
-11.299999999999997
-9
-1.4210854715202004e-14
0
0
-7.050000000000054
-7.050000000000068
-1.4210854715202004e-14
0
0
-6.200000000000074
-3.4250000000000753
-1.4210854715202004e-14
0
0
-6.900000000000077
-4.125000000000085
-1.4210854715202004e-14
0
0
-2
-2
-1.4210854715202004e-14
0
0
-0.8000000000000114
7.105427357601002e-15
-1.4210854715202004e-14
0
0
0
0
-1.4210854715202004e-14
0
0
0
0
-1.4210854715202004e-14
0
0
0
0
-1.4210854715202004e-14
0
0
0
0
-1.4210854715202004e-14
0
0
0
0
-1.4210854715202004e-14
0
0
0
0
-1.4210854715202004e-14
0
0
