0 0 0 0 0
10 0 0 0 0
10 0 0 0 0
-405.7 0 0 0 0
-6 0 0 0 0
-6 0 0 0 0
-268.69999999999993 0 0 0 0
-13.724999999999998 0 0 0 0
-345.59999999999997 0 0 0 0
-16.516666666666644 0 0 0 0
-447.95 0 0 0 0
-43.97999999999996 0 0 0 0
-43.97999999999996 0 0 0 0
-144.675 0 0 0 0
-16.874999999999982 0 0 0 0
-43.97999999999996 0 0 0 0
-55.00909090909088 0 0 0 0
-172.55312500000002 0 0 0 0
-225.53749999999994 0 0 0 0
-225.5375 0 0 0 0
-835.7325000000004 0 0 0 0
-545.0079545454543 0 0 0 0
-813.9399999999997 0 0 0 0
-659.3156250000001 0 0 0 0
-347.9130434782611 0 0 0 0
-495.71980198019816 0 0 0 0
-595.1720000000001 0 0 0 0
-541.1552238805972 0 0 0 0
-541.1552238805968 0 0 0 0
-850.2545454545456 0 0 0 0
-1113.2999999999997 0 0 0 0
-1131.4791666666674 0 0 0 0
-1143.3250000000003 0 0 0 0
-1067.1529411764704 0 0 0 0
-735.3583333333335 0 0 0 0
-735.3583333333337 0 0 0 0
-864.1500000000002 0 0 0 0
-1005.575 0 0 0 0
-969.125 0 0 0 0
-864.1499999999999 0 0 0 0
-1018.688888888889 0 0 0 0
-1145.25 0 0 0 0
-1100.3999999999999 0 0 0 0
-1234.4499999999996 0 0 0 0
-1290.8333333333333 0 0 0 0
-327.25000000000006 0 0 0 0
-333.7500000000001 0 0 0 0
-333.75000000000017 0 0 0 0
-352.10000000000014 0 0 0 0
-333.75000000000006 0 0 0 0
-339.40000000000003 0 0 0 0
-344.3999999999999 0 0 0 0
-344.4 0 0 0 0
-345.8500000000001 0 0 0 0
-347.50000000000006 0 0 0 0
-347.4 0 0 0 0
-350.3999999999999 0 0 0 0
-347.3999999999999 0 0 0 0
-349.39999999999986 0 0 0 0
-350.3999999999999 0 0 0 0
-350.3999999999999 0 0 0 0
-351.4 0 0 0 0
-351.4 0 0 0 0
-351.4 0 0 0 0
-351.4 0 0 0 0
-351.4 0 0 0 0
-351.4 0 0 0 0
-351.4 0 0 0 0
-351.4 0 0 0 0
-351.4 0 0 0 0
-351.4 0 0 0 0
-351.4 0 0 0 0
-351.4 0 0 0 0
-351.4 0 0 0 0
-351.4 0 0 0 0
-351.4 0 0 0 0
-351.4 0 0 0 0
-351.4 0 0 0 0
-351.4 0 0 0 0
-351.4 0 0 0 0
-351.4 0 0 0 0
-351.4 0 0 0 0
-351.4 0 0 0 0
-351.4 0 0 0 0
-351.4 0 0 0 0
-351.4 0 0 0 0
-351.4 0 0 0 0
-351.4 0 0 0 0
-351.4 0 0 0 0
-351.4 0 0 0 0
-351.4 0 0 0 0
-351.4 0 0 0 0
-351.4 0 0 0 0
-351.4 0 0 0 0
-351.4 0 0 0 0
-351.4 0 0 0 0
-351.4 0 0 0 0
-351.4 0 0 0 0
-351.4 0 0 0 0
-351.4 0 0 0 0
-351.4 0 0 0 0
-351.4 0 0 0 0
-351.4 0 0 0 0
-351.4 0 0 0 0
-351.4 0 0 0 0
-351.4 0 0 0 0
-351.4 0 0 0 0
-351.4 0 0 0 0
-351.4 0 0 0 0
-351.4 0 0 0 0
-351.4 0 0 0 0
-351.4 0 0 0 0
-351.4 0 0 0 0
-351.4 0 0 0 0
-351.4 0 0 0 0
-351.4 0 0 0 0
-351.4 0 0 0 0
-351.4 0 0 0 0
-351.4 0 0 0 0
-351.4 0 0 0 0
-351.4 0 0 0 0
-351.4 0 0 0 0
-351.4 0 0 0 0
-351.4 0 0 0 0
-351.4 0 0 0 0
-351.4 0 0 0 0
-351.4 0 0 0 0
-351.4 0 0 0 0
-351.4 0 0 0 0
-351.4 0 0 0 0
