981 0 0 87 0 0 0 0 0 0 0 0 0 0 0
0 0 0 87 971 0 0 0 0 0 0 0 0 0 0
0 831.4 0 87 139.6 0 0 0 0 0 0 0 0 0 0
415.7 415.7 0 87 555.3 0 0 0 0 0 0 0 0 0 0
16 16 799.4 87 155.6 0 0 0 0 0 0 0 0 0 0
16 16 11 87 155.6 0 788.4 0 0 0 0 0 0 0 0
278.69999999999993 278.69999999999993 536.3999999999999 87 -107.09999999999991 0 262.9999999999999 0 0 0 0 0 0 0 0
23.724999999999998 23.724999999999998 26.449999999999996 87 147.875 0 8.02500000000001 764.925 0 0 0 0 0 0 0
-281.7 355.59999999999997 0 87 453.29999999999995 0 339.9000000000001 459.5 0 0 0 0 0 0 0
20.933333333333344 26.516666666666644 26.44999999999999 87 150.66666666666666 0 10.816666666666663 130.41666666666666 631.7166666666667 0 0 0 0 0 0
144.20000000000002 88.14999999999999 211.35000000000002 87 397.19999999999993 0 72.45 192.05 323.55 0 0 0 0 0 0
28.780000000000005 30.43999999999998 38.21999999999997 87 166.35999999999999 0 14.739999999999991 134.34 34.999999999999986 577.1000000000001 0 0 0 0 0
28.780000000000005 30.43999999999998 38.21999999999997 87 166.35999999999999 0 14.739999999999991 134.34 34.999999999999986 11.560000000000073 565.5400000000001 0 0 0 0
154.675 93.38749999999999 -112.87499999999997 87 78.2125 0 77.6875 197.28750000000002 9.800000000000011 313.74999999999994 313.74999999999994 0 0 0 0
21.650000000000013 26.874999999999982 25.374999999999996 87 149.95 0 11.174999999999994 130.775 15.02500000000001 37.24999999999999 37.25 542.5500000000001 0 0 0
28.780000000000005 30.43999999999998 38.21999999999997 87 166.35999999999999 0 14.739999999999991 134.34 34.999999999999986 11.560000000000073 11.560000000000073 120.31999999999981 0 433.6600000000002 0
39.80909090909091 35.95454545454543 27.190909090909084 87 160.84545454545452 0 20.254545454545443 139.85454545454544 35.00000000000001 33.61818181818182 33.61818181818182 81.71818181818179 0 64.40000000000003 363.74545454545466
182.55312500000002 33.36562500000001 7.1687499999999815 87 138.234375 0 17.665625000000016 39.743749999999984 157.721875 73.66250000000002 73.66250000000002 121.76249999999995 0 187.12187500000005 120.89062499999994
-28.26249999999996 235.53749999999994 114.73749999999994 87 199.86249999999995 0 -28.274999999999977 81.36250000000005 54.47499999999998 106.63750000000003 106.63750000000003 154.7375 0 83.87499999999994 125.2124999999999
-28.26249999999996 235.5375 114.73749999999994 87 199.86249999999995 0 -28.274999999999977 81.36249999999997 54.47499999999998 106.63750000000002 106.63750000000002 -272.5875 0 511.2 125.21249999999999
120.60500000000002 384.40500000000014 -34.129999999999995 87 447.97500000000014 0 433.0525000000003 -166.7500000000002 54.47500000000002 156.26000000000008 156.26000000000008 139.11750000000004 0 149.1175 -23.654999999999966
-73.21136363636356 190.58863636363628 159.68636363636352 87 124.94772727272729 0 336.14431818181805 156.27727272727267 54.474999999999966 91.65454545454546 91.65454545454546 106.81477272727261 0 116.81477272727281 170.16136363636355
25.580000000000325 289.3799999999998 181.63999999999987 87 289.59999999999985 0 385.5399999999998 -129.12000000000006 175.2200000000002 3.8400000000000887 3.8400000000000887 123.28000000000006 0 133.28000000000014 312.86000000000007
235.7375000000002 -22.862500000000097 285.221875 87 288.103125 0 229.41875 81.03749999999982 -33.440624999999955 111.91250000000002 111.91250000000002 67.74687500000005 0 77.74687500000005 207.78125000000009
22.35652173913035 -61.15652173913044 18.49565217391304 87 354.21304347826094 0 -15.873913043478183 319.94782608695664 113.83043478260868 99.1478260869566 99.1478260869566 140.23913043478265 0 150.23913043478265 88.32608695652173
147.7683168316831 19.46534653465349 278.27722772277235 87 192.96930693069308 0 -29.310891089108864 140.78811881188122 149.66237623762373 126.0217821782179 126.0217821782179 171.59207920792076 0 181.5920792079209 -28.127722772277252
51.42399999999998 159.31999999999994 101.12800000000009 87 227.15600000000006 0 104.328 143.89600000000004 211.82 172.64000000000004 172.64000000000004 69.03200000000007 0 79.03200000000007 83.756
188.07611940298517 129.94925373134333 98.38955223880608 87 221.67910447761193 0 -0.21492537313437765 181.48208955223885 80.644776119403 -191.5149253731345 362.5567164179106 130.51194029850734 0 140.51194029850734 180.08358208955238
188.07611940298506 129.94925373134325 98.38955223880603 87 221.67910447761193 0 -0.21492537313427817 181.48208955223873 80.64477611940293 274.41492537313417 -103.37313432835813 130.51194029850762 0 140.51194029850762 180.08358208955212
89.9493506493507 85.79220779220785 137.64025974025967 87 300.1805194805195 0 102.81818181818181 107.88701298701292 100.27012987012992 171.3818181818182 171.38181818181835 179.57532467532454 0 189.57532467532454 194.80259740259743
-30.299999999999955 378.89999999999986 70.00000000000007 87 164.90000000000003 0 -2.3999999999999417 17.700000000000074 355.7999999999999 276.5999999999999 276.59999999999997 239.69999999999985 0 249.69999999999985 97.10000000000001
-66.65833333333349 160.75000000000009 233.61249999999995 87 492.12500000000034 0 88.49583333333341 235.84999999999994 64.93333333333335 185.70416666666677 185.7041666666668 257.87916666666683 0 267.87916666666683 6.2041666666665805
61.03333333333342 160.75 42.0749999999999 87 492.125 0 152.3416666666668 235.84999999999997 -62.75833333333338 121.85833333333335 121.85833333333346 194.0333333333334 0 204.0333333333334 401.12500000000017
217.78235294117673 349.8411764705882 234.32941176470592 87 325.32941176470575 0 175.1176470588235 124.65294117647045 -52.71176470588233 99.08235294117648 99.08235294117625 115.65882352941193 0 125.65882352941193 234.32941176470592
141.83333333333337 185.61666666666673 71.9500000000001 87 162.94999999999987 0 180.30833333333334 210.98333333333332 185.61666666666662 93.89166666666671 93.89166666666682 -138.24166666666667 0 455.5083333333333 72.05000000000004
141.83333333333343 185.6166666666668 71.94999999999999 87 162.95000000000005 0 180.30833333333342 210.9833333333334 185.61666666666656 93.89166666666662 93.89166666666671 279.9 0 37.3666666666667 72.05000000000013
141.80000000000024 99.7666666666668 157.83333333333343 87 248.83333333333326 0 223.21666666666673 296.83333333333326 99.76666666666654 50.98333333333337 50.98333333333339 108.2333333333333 0 209.06666666666672 157.83333333333343
61.67500000000007 206.6000000000003 131.125 87 222.1249999999999 0 108.50000000000009 189.99999999999983 206.59999999999997 165.70000000000002 165.69999999999996 161.64999999999995 0 235.77499999999992 131.125
253.39999999999975 -21.57499999999979 167.5750000000001 87 258.575 0 108.50000000000001 418.17499999999967 -21.574999999999534 165.70000000000002 165.70000000000002 88.7499999999999 0 199.32499999999996 167.5750000000001
253.39999999999998 139.51666666666674 272.5499999999999 87 97.48333333333333 0 108.50000000000006 257.08333333333326 139.51666666666648 165.7 165.69999999999993 144.86666666666656 0 94.35000000000002 6.483333333333519
253.4000000000001 233.54444444444445 155.82222222222214 87 41.26666666666668 0 108.50000000000011 200.86666666666667 195.7333333333333 165.70000000000005 165.6999999999999 -5.377777777777425 0 211.07777777777736 273.4555555555555
253.39999999999995 166.1500000000001 252.79999999999998 87 332.19999999999993 0 108.50000000000009 230.45000000000005 166.14999999999992 165.70000000000002 165.7 91.60000000000014 0 114.1 79.50000000000003
253.39999999999995 121.30000000000008 163.09999999999997 87 242.4999999999999 0 108.50000000000006 275.29999999999995 121.2999999999999 165.7 165.70000000000002 181.30000000000013 0 203.8000000000003 79.50000000000001
257.02500000000003 77.82500000000005 250.0499999999999 87 155.54999999999995 0 108.50000000000003 318.7749999999999 77.82499999999993 165.69999999999996 165.6999999999999 268.24999999999994 0 116.85000000000014 253.3999999999998
253.40000000000003 137.83333333333343 130.03333333333322 87 275.5666666666667 0 108.50000000000006 258.7666666666666 137.8333333333331 165.69999999999976 165.7 148.2333333333333 0 236.8666666666669 253.40000000000003
87.99999999999997 82.07500000000006 76.14999999999999 87 165.9250000000001 0 25.800000000000075 149.12500000000003 82.07499999999995 83 82.99999999999997 94.35000000000004 0 125.35000000000004 88.00000000000001
88.00000000000003 78.82500000000002 82.65 87 169.17500000000004 0 25.800000000000054 152.37499999999997 78.82499999999999 82.99999999999997 83.00000000000003 100.85000000000002 0 118.85000000000002 88.00000000000003
88.00000000000003 69.64999999999995 82.64999999999999 87 160 0 25.800000000000068 161.55000000000007 88.00000000000004 82.99999999999997 83.00000000000003 100.85000000000005 0 118.85000000000004 88.00000000000001
88 69.64999999999998 82.64999999999998 87 178.35000000000002 0 25.800000000000068 161.55000000000007 88 83.00000000000001 83 100.85000000000002 0 118.85000000000002 88
88 88.00000000000004 82.64999999999999 87 160 0 25.80000000000004 143.20000000000005 88 82.99999999999997 82.99999999999994 100.85000000000005 0 118.85000000000007 88
88.00000000000001 87.99999999999997 85.10000000000002 87 160 0 25.800000000000033 143.20000000000005 88.00000000000001 82.99999999999997 83.00000000000003 98.39999999999995 0 124.49999999999994 88
88 88.00000000000006 85.10000000000002 87 160 0 20.800000000000068 143.20000000000005 88 87.99999999999991 88.00000000000004 98.40000000000003 0 124.49999999999989 88
88.00000000000001 87.99999999999991 85.10000000000002 87 160 0 23.700000000000074 143.20000000000005 88 85.10000000000002 87.99999999999994 98.4 0 124.49999999999991 88.00000000000001
88.00000000000003 87.99999999999994 86.55000000000005 87 161.45000000000005 0 22.250000000000142 143.20000000000005 88.00000000000003 86.5500000000001 88.00000000000001 96.94999999999996 0 124.49999999999991 88.00000000000004
88.00000000000001 88.10000000000002 85 87 159.89999999999998 0 23.800000000000068 143.10000000000002 88.10000000000002 88.10000000000002 88.00000000000001 98.50000000000011 0 124.4999999999999 88.00000000000003
88 88.00000000000003 85 87 162.99999999999997 0 23.80000000000004 143.20000000000005 88 85 87.99999999999999 98.49999999999997 0 124.49999999999994 88
88 87.99999999999999 84.99999999999991 87 162.99999999999997 0 23.80000000000003 146.1999999999999 88.00000000000003 85 88.00000000000001 98.50000000000011 0 124.49999999999994 88.00000000000001
88.00000000000003 87.99999999999999 87.99999999999994 87 160 0 20.800000000000068 143.19999999999993 88.00000000000001 88.00000000000006 87.99999999999997 98.50000000000007 0 124.49999999999991 88.00000000000003
87.99999999999999 87.99999999999999 87.99999999999997 87 160 0 22.800000000000033 143.19999999999993 88 87.99999999999997 87.99999999999999 98.50000000000001 0 124.49999999999994 88
88 88 88.00000000000001 87 161 0 22.800000000000075 144.19999999999993 87.99999999999999 87.00000000000011 88.00000000000003 98.50000000000003 0 124.49999999999989 88
88 88 88.00000000000001 87 161 0 22.80000000000006 143.19999999999993 88.00000000000001 88.00000000000014 88.00000000000003 98.50000000000003 0 124.49999999999991 87.99999999999994
87.99999999999997 87.99999999999999 87.99999999999999 87 160.99999999999994 0 22.800000000000065 144.20000000000007 88.00000000000003 88.00000000000003 88.00000000000003 98.50000000000003 0 124.49999999999991 87.99999999999994
87.99999999999997 87.99999999999999 87.99999999999999 87 160.99999999999994 0 22.800000000000065 144.20000000000007 88.00000000000003 88.00000000000003 88.00000000000003 98.50000000000003 0 124.49999999999991 87.99999999999994
87.99999999999997 87.99999999999999 87.99999999999999 87 160.99999999999994 0 22.800000000000065 144.20000000000007 88.00000000000003 88.00000000000003 88.00000000000003 98.50000000000003 0 124.49999999999991 87.99999999999994
87.99999999999997 87.99999999999999 87.99999999999999 87 160.99999999999994 0 22.800000000000065 144.20000000000007 88.00000000000003 88.00000000000003 88.00000000000003 98.50000000000003 0 124.49999999999991 87.99999999999994
87.99999999999997 87.99999999999999 87.99999999999999 87 160.99999999999994 0 22.800000000000065 144.20000000000007 88.00000000000003 88.00000000000003 88.00000000000003 98.50000000000003 0 124.49999999999991 87.99999999999994
87.99999999999997 87.99999999999999 87.99999999999999 87 160.99999999999994 0 22.800000000000065 144.20000000000007 88.00000000000003 88.00000000000003 88.00000000000003 98.50000000000003 0 124.49999999999991 87.99999999999994
87.99999999999997 87.99999999999999 87.99999999999999 87 160.99999999999994 0 22.800000000000065 144.20000000000007 88.00000000000003 88.00000000000003 88.00000000000003 98.50000000000003 0 124.49999999999991 87.99999999999994
87.99999999999997 87.99999999999999 87.99999999999999 87 160.99999999999994 0 22.800000000000065 144.20000000000007 88.00000000000003 88.00000000000003 88.00000000000003 98.50000000000003 0 124.49999999999991 87.99999999999994
87.99999999999997 87.99999999999999 87.99999999999999 87 160.99999999999994 0 22.800000000000065 144.20000000000007 88.00000000000003 88.00000000000003 88.00000000000003 98.50000000000003 0 124.49999999999991 87.99999999999994
87.99999999999997 87.99999999999999 87.99999999999999 87 160.99999999999994 0 22.800000000000065 144.20000000000007 88.00000000000003 88.00000000000003 88.00000000000003 98.50000000000003 0 124.49999999999991 87.99999999999994
87.99999999999997 87.99999999999999 87.99999999999999 87 160.99999999999994 0 22.800000000000065 144.20000000000007 88.00000000000003 88.00000000000003 88.00000000000003 98.50000000000003 0 124.49999999999991 87.99999999999994
87.99999999999997 87.99999999999999 87.99999999999999 87 160.99999999999994 0 22.800000000000065 144.20000000000007 88.00000000000003 88.00000000000003 88.00000000000003 98.50000000000003 0 124.49999999999991 87.99999999999994
87.99999999999997 87.99999999999999 87.99999999999999 87 160.99999999999994 0 22.800000000000065 144.20000000000007 88.00000000000003 88.00000000000003 88.00000000000003 98.50000000000003 0 124.49999999999991 87.99999999999994
87.99999999999997 87.99999999999999 87.99999999999999 87 160.99999999999994 0 22.800000000000065 144.20000000000007 88.00000000000003 88.00000000000003 88.00000000000003 98.50000000000003 0 124.49999999999991 87.99999999999994
87.99999999999997 87.99999999999999 87.99999999999999 87 160.99999999999994 0 22.800000000000065 144.20000000000007 88.00000000000003 88.00000000000003 88.00000000000003 98.50000000000003 0 124.49999999999991 87.99999999999994
87.99999999999997 87.99999999999999 87.99999999999999 87 160.99999999999994 0 22.800000000000065 144.20000000000007 88.00000000000003 88.00000000000003 88.00000000000003 98.50000000000003 0 124.49999999999991 87.99999999999994
87.99999999999997 87.99999999999999 87.99999999999999 87 160.99999999999994 0 22.800000000000065 144.20000000000007 88.00000000000003 88.00000000000003 88.00000000000003 98.50000000000003 0 124.49999999999991 87.99999999999994
87.99999999999997 87.99999999999999 87.99999999999999 87 160.99999999999994 0 22.800000000000065 144.20000000000007 88.00000000000003 88.00000000000003 88.00000000000003 98.50000000000003 0 124.49999999999991 87.99999999999994
87.99999999999997 87.99999999999999 87.99999999999999 87 160.99999999999994 0 22.800000000000065 144.20000000000007 88.00000000000003 88.00000000000003 88.00000000000003 98.50000000000003 0 124.49999999999991 87.99999999999994
87.99999999999997 87.99999999999999 87.99999999999999 87 160.99999999999994 0 22.800000000000065 144.20000000000007 88.00000000000003 88.00000000000003 88.00000000000003 98.50000000000003 0 124.49999999999991 87.99999999999994
87.99999999999997 87.99999999999999 87.99999999999999 87 160.99999999999994 0 22.800000000000065 144.20000000000007 88.00000000000003 88.00000000000003 88.00000000000003 98.50000000000003 0 124.49999999999991 87.99999999999994
87.99999999999997 87.99999999999999 87.99999999999999 87 160.99999999999994 0 22.800000000000065 144.20000000000007 88.00000000000003 88.00000000000003 88.00000000000003 98.50000000000003 0 124.49999999999991 87.99999999999994
87.99999999999997 87.99999999999999 87.99999999999999 87 160.99999999999994 0 22.800000000000065 144.20000000000007 88.00000000000003 88.00000000000003 88.00000000000003 98.50000000000003 0 124.49999999999991 87.99999999999994
87.99999999999997 87.99999999999999 87.99999999999999 87 160.99999999999994 0 22.800000000000065 144.20000000000007 88.00000000000003 88.00000000000003 88.00000000000003 98.50000000000003 0 124.49999999999991 87.99999999999994
87.99999999999997 87.99999999999999 87.99999999999999 87 160.99999999999994 0 22.800000000000065 144.20000000000007 88.00000000000003 88.00000000000003 88.00000000000003 98.50000000000003 0 124.49999999999991 87.99999999999994
87.99999999999997 87.99999999999999 87.99999999999999 87 160.99999999999994 0 22.800000000000065 144.20000000000007 88.00000000000003 88.00000000000003 88.00000000000003 98.50000000000003 0 124.49999999999991 87.99999999999994
87.99999999999997 87.99999999999999 87.99999999999999 87 160.99999999999994 0 22.800000000000065 144.20000000000007 88.00000000000003 88.00000000000003 88.00000000000003 98.50000000000003 0 124.49999999999991 87.99999999999994
87.99999999999997 87.99999999999999 87.99999999999999 87 160.99999999999994 0 22.800000000000065 144.20000000000007 88.00000000000003 88.00000000000003 88.00000000000003 98.50000000000003 0 124.49999999999991 87.99999999999994
87.99999999999997 87.99999999999999 87.99999999999999 87 160.99999999999994 0 22.800000000000065 144.20000000000007 88.00000000000003 88.00000000000003 88.00000000000003 98.50000000000003 0 124.49999999999991 87.99999999999994
87.99999999999997 87.99999999999999 87.99999999999999 87 160.99999999999994 0 22.800000000000065 144.20000000000007 88.00000000000003 88.00000000000003 88.00000000000003 98.50000000000003 0 124.49999999999991 87.99999999999994
87.99999999999997 87.99999999999999 87.99999999999999 87 160.99999999999994 0 22.800000000000065 144.20000000000007 88.00000000000003 88.00000000000003 88.00000000000003 98.50000000000003 0 124.49999999999991 87.99999999999994
87.99999999999997 87.99999999999999 87.99999999999999 87 160.99999999999994 0 22.800000000000065 144.20000000000007 88.00000000000003 88.00000000000003 88.00000000000003 98.50000000000003 0 124.49999999999991 87.99999999999994
87.99999999999997 87.99999999999999 87.99999999999999 87 160.99999999999994 0 22.800000000000065 144.20000000000007 88.00000000000003 88.00000000000003 88.00000000000003 98.50000000000003 0 124.49999999999991 87.99999999999994
87.99999999999997 87.99999999999999 87.99999999999999 87 160.99999999999994 0 22.800000000000065 144.20000000000007 88.00000000000003 88.00000000000003 88.00000000000003 98.50000000000003 0 124.49999999999991 87.99999999999994
87.99999999999997 87.99999999999999 87.99999999999999 87 160.99999999999994 0 22.800000000000065 144.20000000000007 88.00000000000003 88.00000000000003 88.00000000000003 98.50000000000003 0 124.49999999999991 87.99999999999994
87.99999999999997 87.99999999999999 87.99999999999999 87 160.99999999999994 0 22.800000000000065 144.20000000000007 88.00000000000003 88.00000000000003 88.00000000000003 98.50000000000003 0 124.49999999999991 87.99999999999994
87.99999999999997 87.99999999999999 87.99999999999999 87 160.99999999999994 0 22.800000000000065 144.20000000000007 88.00000000000003 88.00000000000003 88.00000000000003 98.50000000000003 0 124.49999999999991 87.99999999999994
87.99999999999997 87.99999999999999 87.99999999999999 87 160.99999999999994 0 22.800000000000065 144.20000000000007 88.00000000000003 88.00000000000003 88.00000000000003 98.50000000000003 0 124.49999999999991 87.99999999999994
87.99999999999997 87.99999999999999 87.99999999999999 87 160.99999999999994 0 22.800000000000065 144.20000000000007 88.00000000000003 88.00000000000003 88.00000000000003 98.50000000000003 0 124.49999999999991 87.99999999999994
87.99999999999997 87.99999999999999 87.99999999999999 87 160.99999999999994 0 22.800000000000065 144.20000000000007 88.00000000000003 88.00000000000003 88.00000000000003 98.50000000000003 0 124.49999999999991 87.99999999999994
87.99999999999997 87.99999999999999 87.99999999999999 87 160.99999999999994 0 22.800000000000065 144.20000000000007 88.00000000000003 88.00000000000003 88.00000000000003 98.50000000000003 0 124.49999999999991 87.99999999999994
87.99999999999997 87.99999999999999 87.99999999999999 87 160.99999999999994 0 22.800000000000065 144.20000000000007 88.00000000000003 88.00000000000003 88.00000000000003 98.50000000000003 0 124.49999999999991 87.99999999999994
87.99999999999997 87.99999999999999 87.99999999999999 87 160.99999999999994 0 22.800000000000065 144.20000000000007 88.00000000000003 88.00000000000003 88.00000000000003 98.50000000000003 0 124.49999999999991 87.99999999999994
87.99999999999997 87.99999999999999 87.99999999999999 87 160.99999999999994 0 22.800000000000065 144.20000000000007 88.00000000000003 88.00000000000003 88.00000000000003 98.50000000000003 0 124.49999999999991 87.99999999999994
87.99999999999997 87.99999999999999 87.99999999999999 87 160.99999999999994 0 22.800000000000065 144.20000000000007 88.00000000000003 88.00000000000003 88.00000000000003 98.50000000000003 0 124.49999999999991 87.99999999999994
87.99999999999997 87.99999999999999 87.99999999999999 87 160.99999999999994 0 22.800000000000065 144.20000000000007 88.00000000000003 88.00000000000003 88.00000000000003 98.50000000000003 0 124.49999999999991 87.99999999999994
87.99999999999997 87.99999999999999 87.99999999999999 87 160.99999999999994 0 22.800000000000065 144.20000000000007 88.00000000000003 88.00000000000003 88.00000000000003 98.50000000000003 0 124.49999999999991 87.99999999999994
87.99999999999997 87.99999999999999 87.99999999999999 87 160.99999999999994 0 22.800000000000065 144.20000000000007 88.00000000000003 88.00000000000003 88.00000000000003 98.50000000000003 0 124.49999999999991 87.99999999999994
87.99999999999997 87.99999999999999 87.99999999999999 87 160.99999999999994 0 22.800000000000065 144.20000000000007 88.00000000000003 88.00000000000003 88.00000000000003 98.50000000000003 0 124.49999999999991 87.99999999999994
87.99999999999997 87.99999999999999 87.99999999999999 87 160.99999999999994 0 22.800000000000065 144.20000000000007 88.00000000000003 88.00000000000003 88.00000000000003 98.50000000000003 0 124.49999999999991 87.99999999999994
87.99999999999997 87.99999999999999 87.99999999999999 87 160.99999999999994 0 22.800000000000065 144.20000000000007 88.00000000000003 88.00000000000003 88.00000000000003 98.50000000000003 0 124.49999999999991 87.99999999999994
87.99999999999997 87.99999999999999 87.99999999999999 87 160.99999999999994 0 22.800000000000065 144.20000000000007 88.00000000000003 88.00000000000003 88.00000000000003 98.50000000000003 0 124.49999999999991 87.99999999999994
87.99999999999997 87.99999999999999 87.99999999999999 87 160.99999999999994 0 22.800000000000065 144.20000000000007 88.00000000000003 88.00000000000003 88.00000000000003 98.50000000000003 0 124.49999999999991 87.99999999999994
87.99999999999997 87.99999999999999 87.99999999999999 87 160.99999999999994 0 22.800000000000065 144.20000000000007 88.00000000000003 88.00000000000003 88.00000000000003 98.50000000000003 0 124.49999999999991 87.99999999999994
87.99999999999997 87.99999999999999 87.99999999999999 87 160.99999999999994 0 22.800000000000065 144.20000000000007 88.00000000000003 88.00000000000003 88.00000000000003 98.50000000000003 0 124.49999999999991 87.99999999999994
87.99999999999997 87.99999999999999 87.99999999999999 87 160.99999999999994 0 22.800000000000065 144.20000000000007 88.00000000000003 88.00000000000003 88.00000000000003 98.50000000000003 0 124.49999999999991 87.99999999999994
87.99999999999997 87.99999999999999 87.99999999999999 87 160.99999999999994 0 22.800000000000065 144.20000000000007 88.00000000000003 88.00000000000003 88.00000000000003 98.50000000000003 0 124.49999999999991 87.99999999999994
87.99999999999997 87.99999999999999 87.99999999999999 87 160.99999999999994 0 22.800000000000065 144.20000000000007 88.00000000000003 88.00000000000003 88.00000000000003 98.50000000000003 0 124.49999999999991 87.99999999999994
87.99999999999997 87.99999999999999 87.99999999999999 87 160.99999999999994 0 22.800000000000065 144.20000000000007 88.00000000000003 88.00000000000003 88.00000000000003 98.50000000000003 0 124.49999999999991 87.99999999999994
87.99999999999997 87.99999999999999 87.99999999999999 87 160.99999999999994 0 22.800000000000065 144.20000000000007 88.00000000000003 88.00000000000003 88.00000000000003 98.50000000000003 0 124.49999999999991 87.99999999999994
87.99999999999997 87.99999999999999 87.99999999999999 87 160.99999999999994 0 22.800000000000065 144.20000000000007 88.00000000000003 88.00000000000003 88.00000000000003 98.50000000000003 0 124.49999999999991 87.99999999999994
87.99999999999997 87.99999999999999 87.99999999999999 87 160.99999999999994 0 22.800000000000065 144.20000000000007 88.00000000000003 88.00000000000003 88.00000000000003 98.50000000000003 0 124.49999999999991 87.99999999999994
87.99999999999997 87.99999999999999 87.99999999999999 87 160.99999999999994 0 22.800000000000065 144.20000000000007 88.00000000000003 88.00000000000003 88.00000000000003 98.50000000000003 0 124.49999999999991 87.99999999999994
87.99999999999997 87.99999999999999 87.99999999999999 87 160.99999999999994 0 22.800000000000065 144.20000000000007 88.00000000000003 88.00000000000003 88.00000000000003 98.50000000000003 0 124.49999999999991 87.99999999999994
87.99999999999997 87.99999999999999 87.99999999999999 87 160.99999999999994 0 22.800000000000065 144.20000000000007 88.00000000000003 88.00000000000003 88.00000000000003 98.50000000000003 0 124.49999999999991 87.99999999999994
87.99999999999997 87.99999999999999 87.99999999999999 87 160.99999999999994 0 22.800000000000065 144.20000000000007 88.00000000000003 88.00000000000003 88.00000000000003 98.50000000000003 0 124.49999999999991 87.99999999999994
87.99999999999997 87.99999999999999 87.99999999999999 87 160.99999999999994 0 22.800000000000065 144.20000000000007 88.00000000000003 88.00000000000003 88.00000000000003 98.50000000000003 0 124.49999999999991 87.99999999999994
87.99999999999997 87.99999999999999 87.99999999999999 87 160.99999999999994 0 22.800000000000065 144.20000000000007 88.00000000000003 88.00000000000003 88.00000000000003 98.50000000000003 0 124.49999999999991 87.99999999999994
87.99999999999997 87.99999999999999 87.99999999999999 87 160.99999999999994 0 22.800000000000065 144.20000000000007 88.00000000000003 88.00000000000003 88.00000000000003 98.50000000000003 0 124.49999999999991 87.99999999999994
