 1     10 
 2     10 
 3     10 
 4     14 
 5     1 
 6     14 
 7     2 
 8     1 
 9     10 
 10     10 
 11     10 
 12     3 
 13     14 
 14     22 
 15     10 
 16     14 
 17     19 
 18     7 
 19     9 
 20     18 
 21     1 
 22     1 
 23     2 
 24     2 
 25     3 
 26     6 
 27     3 
 28     10 
 29     9 
 30     1 
 31     1 
 32     18 
 33     19 
 34     3 
 35     14 
 36     14 
 37     6 
 38     6 
 39     3 
 40     18 
 41     18 
 42     18 
 43     18 
 44     14 
 45     18 
 46     22 
 47     22 
 48     7 
 49     7 
 50     7 
